FileVersion:2
Type:Static
Guid:8D431B41-2442-53C0-B429-C48E25872E8B
ParentGuid:00000000-0000-0000-0000-000000000000
Color:(R=0.400000,G=0.250000,B=0.400000,A=1.000000)

